chr	start	end	freq	div	length
2L_RagTag	1680647	1681647	1	0.1	5263
2L_RagTag	2874241	2875241	1	0	5216
2L_RagTag	6722653	6723653	1	0.1	5236
2L_RagTag	7388103	7389103	1	0.1	5180
2L_RagTag	8258232	8259232	1	0.1	5249
2L_RagTag	9120621	9121621	1	0	5226
2L_RagTag	9907481	9908481	1	0.1	4523
2L_RagTag	10621124	10622124	1	0.2	5191
2L_RagTag	10981331	10982331	1	0.3	4329
2L_RagTag	10982328	10983328	1	0.2	545
2L_RagTag	12121138	12122138	1	24	200
2L_RagTag	13265798	13266798	1	0.1	5197
2L_RagTag	14316735	14317735	1	0.1	5231
2L_RagTag	16379092	16380092	1	0.8	5186
2L_RagTag	16379098	16380098	1	0.2	5260
2L_RagTag	16379109	16380109	1	2.6	5124
2L_RagTag	16465870	16466870	1	0	5247
2L_RagTag	16814175	16815175	1	0	5207
2L_RagTag	19900826	19901826	1	0.1	5222
2L_RagTag	20585329	20586329	1	0.2	5261
2L_RagTag	20860607	20861607	1	0.2	5259
2L_RagTag	21393951	21394951	2	25.6	342
2L_RagTag	22774229	22775229	8	18.8	45
2R_RagTag	900926	901926	7	20.9	133
2R_RagTag	3823337	3824337	1	0	5236
2R_RagTag	3823432	3824432	1	0.1	5237
2R_RagTag	3824336	3825336	1	0.1	4066
2R_RagTag	4934591	4935591	1	0.3	5255
2R_RagTag	5833868	5834868	1	0.2	5117
2R_RagTag	5834884	5835884	1	0	4317
2R_RagTag	6302411	6303411	1	0	5214
2R_RagTag	7034106	7035106	1	0.1	5268
2R_RagTag	7035625	7036625	1	0.9	586
2R_RagTag	7506285	7507285	1	0	5163
2R_RagTag	8303008	8304008	1	0.1	4085
2R_RagTag	8304009	8305009	1	0.3	5260
2R_RagTag	8304010	8305010	1	0.1	5217
2R_RagTag	8587463	8588463	1	0	5220
2R_RagTag	8846590	8847590	1	0	5118
2R_RagTag	8847308	8848308	1	0.1	4968
2R_RagTag	9821932	9822932	1	0.1	5218
2R_RagTag	9822455	9823455	1	0.2	5222
2R_RagTag	9822728	9823728	1	0	5212
2R_RagTag	9822934	9823934	1	1.8	5200
2R_RagTag	12560877	12561877	8	24.5	99
2R_RagTag	14222153	14223153	1	0	5206
2R_RagTag	15784047	15785047	1	0	5210
2R_RagTag	18251758	18252758	1	0.1	5183
2R_RagTag	19361888	19362888	1	0	2927
2R_RagTag	20031326	20032326	1	0	5199
2R_RagTag	20534605	20535605	1	0.1	5250
2R_RagTag	21325439	21326439	1	1.3	4272
3L_RagTag	516	1516	1	0.1	5217
3L_RagTag	74654	75654	1	0	5212
3L_RagTag	2237875	2238875	1	0	58
3L_RagTag	4455879	4456879	1	0	5233
3L_RagTag	4851633	4852633	1	0.3	5166
3L_RagTag	7202435	7203435	1	0	5206
3L_RagTag	8288958	8289958	1	10.8	288
3L_RagTag	8847116	8848116	1	0.2	608
3L_RagTag	8898256	8899256	1	0.8	4512
3L_RagTag	9005938	9006938	1	0.1	5228
3L_RagTag	9006933	9007933	1	0	3749
3L_RagTag	9134088	9135088	1	0	5218
3L_RagTag	9135084	9136084	1	0.8	3531
3L_RagTag	9135085	9136085	1	0.1	4142
3L_RagTag	9162974	9163974	1	0.2	5179
3L_RagTag	9892546	9893546	1	0.1	5217
3L_RagTag	9958439	9959439	1	0.1	5114
3L_RagTag	10526630	10527630	1	0.1	5220
3L_RagTag	11390226	11391226	1	0.1	5273
3L_RagTag	11620952	11621952	1	0	5211
3L_RagTag	11748029	11749029	1	0	5208
3L_RagTag	12836798	12837798	1	0.1	5225
3L_RagTag	13726412	13727412	1	0.1	5227
3L_RagTag	14292666	14293666	1	0.1	5187
3L_RagTag	14292671	14293671	1	0.1	5194
3L_RagTag	14293664	14294664	1	0.1	4066
3L_RagTag	14293665	14294665	1	0.6	5232
3L_RagTag	15276141	15277141	1	0	5208
3L_RagTag	15277146	15278146	1	0.2	5079
3L_RagTag	16393983	16394983	1	0	5210
3L_RagTag	16528707	16529707	1	0.1	5224
3L_RagTag	18167445	18168445	1	0	5222
3L_RagTag	18730411	18731411	1	0	5217
3L_RagTag	18731406	18732406	1	0.7	152
3L_RagTag	19791314	19792314	1	0.2	586
3L_RagTag	20144198	20145198	1	0	5257
3L_RagTag	21498972	21499972	1	0	5216
3L_RagTag	21628197	21629197	1	0	5227
3L_RagTag	21629225	21630225	1	0	3935
3L_RagTag	21629857	21630857	1	0.1	4141
3L_RagTag	22671740	22672740	1	0	5200
3L_RagTag	24141892	24142892	6	23.9	NA
3L_RagTag	24844635	24845635	3	25.3	342
3L_RagTag	24844775	24845775	1	25.3	342
3L_RagTag	24844786	24845786	1	25.3	342
3L_RagTag	25228248	25229248	1	24.1	1466
3L_RagTag	25232913	25233913	8	11.5	43
3L_RagTag	25866232	25867232	1	0.4	4338
3L_RagTag	26320134	26321134	1	0.1	5210
3L_RagTag	26807605	26808605	1	21.3	106
3L_RagTag	27543536	27544536	6	22.4	141
3L_RagTag	27616372	27617372	8	25	45
3L_RagTag	27616411	27617411	1	25.5	329
3L_RagTag	27616412	27617412	1	25.6	328
3L_RagTag	27616442	27617442	1	23.7	327
3L_RagTag	27616442	27617442	1	25.3	328
3L_RagTag	27616443	27617443	1	25.3	328
3L_RagTag	28110953	28111953	1	23.1	153
3L_RagTag	28117453	28118453	1	0.2	5154
3L_RagTag	28117477	28118477	1	0.2	5159
3R_RagTag	380987	381987	1	0.2	5252
3R_RagTag	640437	641437	7	11.1	45
3R_RagTag	896208	897208	1	0.1	5217
3R_RagTag	1975067	1976067	1	0.1	5208
3R_RagTag	3128640	3129640	6	25.4	45
3R_RagTag	3604315	3605315	1	0	5207
3R_RagTag	4240710	4241710	1	4	99
3R_RagTag	5656028	5657028	1	0	5208
3R_RagTag	8980708	8981708	1	0	5221
3R_RagTag	9619327	9620327	1	0.1	5242
3R_RagTag	11145277	11146277	1	0.4	4159
3R_RagTag	11433750	11434750	1	0.1	4678
3R_RagTag	12663397	12664397	1	0.1	5255
3R_RagTag	12858455	12859455	1	0.1	5267
3R_RagTag	13128352	13129352	1	0.2	5270
3R_RagTag	13159700	13160700	1	0.1	5198
3R_RagTag	13213015	13214015	1	0.1	5250
3R_RagTag	14340721	14341721	1	0.2	5257
3R_RagTag	14748265	14749265	1	0.2	5181
3R_RagTag	15583826	15584826	1	0	5223
3R_RagTag	16782200	16783200	1	0.2	4228
3R_RagTag	17387970	17388970	1	0	5218
3R_RagTag	19258842	19259842	1	0.1	5272
3R_RagTag	19828153	19829153	1	0.1	5189
3R_RagTag	20535507	20536507	1	3.6	764
3R_RagTag	20535508	20536508	1	0.9	5038
3R_RagTag	20535514	20536514	1	0.3	5094
3R_RagTag	21463923	21464923	1	0.1	5183
3R_RagTag	21775621	21776621	1	0	5234
3R_RagTag	22672133	22673133	1	0.1	5217
3R_RagTag	23323845	23324845	1	0.9	4493
3R_RagTag	24464038	24465038	1	0	5212
3R_RagTag	24512577	24513577	1	0.1	5258
3R_RagTag	27399048	27400048	1	0.1	5107
3R_RagTag	27564011	27565011	1	0.1	5265
3R_RagTag	27885994	27886994	1	0.1	5218
3R_RagTag	28798143	28799143	1	0.1	5269
3R_RagTag	30026795	30027795	1	0.1	5232
3R_RagTag	30026795	30027795	1	0.1	5232
3R_RagTag	30026798	30027798	1	0	5227
3R_RagTag	30505757	30506757	1	0.2	5254
4_RagTag	578093	579093	1	0.1	5206
4_RagTag	991515	992515	1	0.3	NA
JAEMNT010000039.1_1_80341_+_RagTag	53436	54436	1	25.5	284
JAEMNT010000039.1_1_80341_+_RagTag	63396	64396	7	25.1	284
Unmapped_Scaffold_8_D1580_D1567_RagTag	1	1001	1	0	5244
X_RagTag	3479579	3480579	1	0	4805
X_RagTag	4051159	4052159	1	0	5212
X_RagTag	4618994	4619994	1	0.1	5269
X_RagTag	4875303	4876303	1	0	4957
X_RagTag	5975730	5976730	1	0.2	4338
X_RagTag	5976735	5977735	1	0.2	558
X_RagTag	7383344	7384344	1	0.1	5215
X_RagTag	8353773	8354773	1	0	5211
X_RagTag	8753669	8754669	1	0	3543
X_RagTag	8754681	8755681	1	0.3	4933
X_RagTag	9099072	9100072	1	0.2	1840
X_RagTag	10159316	10160316	1	0.3	5279
X_RagTag	10375881	10376881	1	0	5206
X_RagTag	11449274	11450274	1	0.2	5283
X_RagTag	12563999	12564999	1	0.3	5322
X_RagTag	12745664	12746664	1	0	4149
X_RagTag	13125424	13126424	1	0	5213
X_RagTag	13690975	13691975	1	0.1	5218
X_RagTag	15421669	15422669	1	0	5222
X_RagTag	16319370	16320370	1	0.1	5220
X_RagTag	16887678	16888678	1	0.2	4199
X_RagTag	18030584	18031584	1	0	5223
X_RagTag	18708465	18709465	1	21.9	76
X_RagTag	18708925	18709925	1	16.9	702
X_RagTag	18709256	18710256	1	9.7	759
X_RagTag	18709742	18710742	1	11.8	189
X_RagTag	19300894	19301894	1	0	5219
X_RagTag	20129274	20130274	1	0.1	4069
X_RagTag	20130301	20131301	1	0.5	898
X_RagTag	20367887	20368887	1	0	NA
X_RagTag	20901855	20902855	1	0.2	5255
X_RagTag	23298223	23299223	1	0	5226
X_RagTag	23298445	23299445	1	0	5210
X_RagTag	23455145	23456145	1	0.3	NA
X_RagTag	23843960	23844960	1	0.7	1020